date
20151121
20130417
20151203
20141017
20161226
20150525
20131024
20160312
20150119
20140606
20151213
20140224
20150311
20140916
20140116
20130820
20150601
20130118
20160901
20140119
20130504
20140211
20130502
20140416
20130627
20140221
20140222
20151203
20140101
20130107
20161005
20150822
20150128
20130914
20130813
20150311
20140801
20140923
20131225
20160823
20160209
20140501
20130701
20150216
20130620
20130817
20141004
20140422
20150705
20130803
20150715
20150106
20160311
20141225
20130623
20151224
20140617
20140804
20130827
20161124
20130706
20130616
20131005
20161128
20160417
20130623
20160108
20160215
20130924
20150214
20141103
20141024
20130511
20140205
20130402
20160422
20131002
20141226
20160404
20150524
20130518
20130810
20140723
20131006
20151015
20150808
20150714
20130421
20161120
20150725
20130724
20140318
20130528
20150926
20150601
20140619
20140814
20140906
20160820
20140111
20131120
20160425
20160218
20160105
20151207
20150410
20130504
20150617
20130824
20150112
20141121
20140704
20150724
20150917
20150707
20160315
20161108
20130817
20130117
20160911
20140508
20131126
20130303
20130817
20140511
20130508
20140319
20130715
20131012
20160810
20130728
20130912
20140622
20140718
20151102
20150528
20140516
20140612
20141124
20140204
20140604
20140411
20141107
20130209
20140303
20140725
20160104
20151017
20130810
20160210
20130422
20160826
20140401
20150917
20150322
20130205
20151003
20160228
20141026
20140121
20131223
20151223
20150310
20140223
20130608
20141120
20150127
20160203
20140221
20130203
20160308
20150625
20130117
20140715
20140814
20140607
20151214
20130523
20151203
20160215
20161113
20160809
20141203
20161114
20151219
20150712
20140107
20140515
20140324
20160309
20140501
20150311
20130712
20161025
20140409
20150818
20161112
20140819
20160305
20130328
20150924
20141120
20160301
20160326
20160526
20141112
20151003
20160709
20160211
20140921
20140726
20140215
20150209
20160408
20150926
20140715
20160526
20160205
20141209
20160513
20140203
20131006
20161026
20130318
20151105
20130407
20140213
20131203
20160812
20151027
20140316
20160201
20141207
20150821
20161219
20150213
20160625
20160903
20140504
20141013
20151225
20160624
20151214
20131228
20161026
20140801
20141209
20130105
20150714
20141003
20140415
20150220
20150522
20150201
20150712
20160318
20140515
20150423
20150118
20130416
20130321
20141020
20140412
20151004
20130128
20141127
20130702
20140917
20140425
20140322
20130526
20140910
20141208
20140425
20160920
20130722
20140412
20131022
20130717
20130316
20150603
20130721
20160503
20151204
20130618
20140709
20151011
20160524
20140714
20140408
20130520
20130106
20150304
20130210
20140125
20150319
20131013
20130726
20150222
20150621
20160725
20140222
20130609
20150124
20150519
20140702
20151222
20130609
20160222
20131204
20140719
20140604
20151013
20130105
20151007
20160313
20150811
20140921
20160502
20130818
20151023
20140106
20161026
20141106
20140827
20130721
20150815
20130924
20140112
20141118
20150619
20130703
20150327
20141011
20150405
20160610
20160212
20151120
20140717
20150701
20160502
20140824
20161209
20160721
20130708
20140817
20150905
20140307
20150621
20151127
20140119
20150317
20130224
20160417
20161214
20160218
20140624
20150117
20131226
20150421
20160403
20150119
20151109
20151022
20151206
20160825
20130703
20150402
20140926
20130824
20151202
20140522
20161011
20160420
20141013
20150423
20160908
20160103
20150124
20130406
20160212
20130706
20130313
20150813
20160710
20140321
20130327
20161127
20150517
20130814
20160826
20150324
20150120
20131201
20160616
20150905
20130317
20150201
20160217
20151123
20140525
20150228
20160119
20140828
20140701
20140606
20141009
20150222
20151205
20151005
20130627
20130606
20140605
20160406
20160515
20150511
20160218
20130425
20150305
20160410
20130507
20160412
20160611
20150807
20161025
20130320
20140908
20150606
20150618
20140517
20131124
20150317
20140221
20150505
20140809
20140322
20160112
20140504
20141023
20160614
20160427
20151217
20160808
20140920
20130410
20161014
20130515
20160413
20130522
20130503
20140820
20130225
20160623
20130927
20130125
20161004
20130920
20130808
20130921
20131115
20140616
20150918
20140112
20130427
20160321
20160419
20140325
20161210
20160108
20150416
20160701
20130611
20140922
20160705
20150205
20160522
20160308
20131212
20150128
20141204
20150115
20140726
20140204
20150522
20160711
20140723
20150408
20150525
20150823
20150521
20141104
20150202
20150722
20160704
20161218
20150611
20140219
20130515
20140817
20151003
20160109
20130912
20150901
20160717
20161127
20141119
20160608
20150625
20131003
20151207
20140702
20130808
20140625
20130310
20150509
20150511
20130209
20160616
20140124
20140112
20140120
20130411
20150127
20150526
20160102
20150111
20161216
20150108
20141018
20160707
20160610
20150425
20140715
20160609
20141225
20160608
20161024
20130418
20140704
20150425
20150723
20150918
20140920
20131010
20140917
20161111
20130902
20151105
20150627
20151006
20140721
20141003
20140609
20130414
20130823
20150114
20140423
20140419
20160503
20160506
20140718
20161004
20141209
20150412
20160110
20160108
20150415
20130524
20130606
20130201
20130108
20161114
20140512
20151115
20150412
20141212
20151201
20160916
20160601
20160121
20140311
20160301
20160915
20160312
20150512
20130802
20160924
20131128
20140408
20150509
20141115
20130604
20151218
20160227
20141212
20130916
20160814
20160423
20130213
20150513
20140721
20140626
20160426
20140708
20141102
20160217
20130113
20131227
20160406
20131107
20161221
20140421
20140919
20130908
20140902
20140605
20140811
20150619
20130210
20150523
20140519
20131015
20161020
20160528
20140304
20140306
20141204
20161121
20130118
20140920
20150409
20141107
20130105
20161003
20130708
20130427
20140702
20140911
20150618
20160423
20150125
20150611
20130310
20140810
20150404
20151209
20131026
20141024
20130508
20130901
20140425
20150522
20150307
20151210
20150223
20160825
20131123
20130926
20161022
20160503
20140224
20131005
20151117
20140110
20131214
20151102
20150816
20130119
20160714
20131027
20150925
20161013
20151220
20150728
20150704
20140521
20130407
20151203
20130727
20141107
20130622
20130828
20161225
20150511
20131111
20151110
20161122
20161207
20140411
20130820
20141224
20160921
20131207
20130924
20150723
20150806
20131224
20150117
20140609
20141217
20150911
20130816
20160413
20130107
20160704
20150418
20140507
20150828
20161226
20150106
20140613
20150904
20140908
20130909
20151210
20130320
20130725
20151207
20130122
20140125
20150916
20131214
20140823
20140205
20160403
20140819
20130425
20130127
20150515
20160402
20130922
20161223
20151221
20140313
20140914
20150402
20140305
20161016
20140326
20131117
20160219
20160710
20160224
20140817
20161204
20140714
20160112
20150127
20130404
20130918
20151219
20130717
20130809
20150117
20141220
20130706
20131204
20150528
20160221
20150621
20140707
20140823
20140913
20150122
20161128
20161020
20131023
20140910
20130408
20140224
20150203
20130318
20130104
20150203
20150204
20130316
20150112
20130516
20130719
20150123
20140211
20160313
20150422
20160206
20130804
20140602
20160209
20130608
20140122
20140621
20151013
20151228
20130604
20160902
20160516
20150310
20131216
20150324
20130822
20140628
20130319
20131021
20131017
20130428
20150902
20140621
20150421
20141219
20160206
20160515
20151119
20150523
20130504
20151001
20150105
20130604
20130120
20130111
20140923
20140615
20130821
20140915
20160210
20160816
20140614
20160406
20150301
20160207
20160522
20150116
20140426
20160118
20141015
20140807
20161128
20140320
20141014
20140308
20160719
20150224
20130924
20130207
20140717
20130713
20160502
20160726
20160205
20141114
20151001
20140909
20140415
20150311
20161121
20150811
20130301
20140805
20161121
20130702
20140610
20140201
20161228
20160422
20150418
20140113
20160624
20151026
20160104
20130628
20140822
20160128
20150202
20130505
20151220
20140304
20150819
20150104
20160224
20130424
20150526
20130506
20130915
20161020
20140907
20140428
20130822
20130115
20160924
20130111
20140125
20151112
20150213
20130720
20130427
20141105
20141008
20130909
20150311
20130502
20130417
20160625
20161128
20140425
20141121
20130512
20140924
20130202
20161102
20150127
20131216
20160204
20140928
20130807
20130525
20141209
20160216
20140713
20140916
20160201
20160825
20130426
20140802
20140802
20130725
20130124
20140811
20131228
20140411
20130727
20150622
20160210
20151206
20160308
20140714
20130423
20140102
20130603
20141010
20160901
20140202
20150524
20160408
20150908
20140228
20130805
20131005
20141118
20140519
20150728
20131107
20150111
20160506
20140326
20150424
20140214
20151221
20140425
20130608
20140625
20150423
20140105
20160922
20160312
20140117
20130507
20130701
20140906
20151124
20151128
20150524
20130609
20130615
20130613
20151210
20161009
20160420
20150111
20140322
20151120
20140822
20160728
20131102
20161219
20141013
20161115
20160503
20150914
20151103
20161208
20130522
20150523
20130411
20160104
20130124
20140615
20140317
20160508
20130518
20151126
20130307
20130605
20141204
20141226
20131209
20150120
20150505
20140707
20140701
20140803
20130612
20130416
20140122
20150109
20130323
20140111
20160812
20150925
20150703
20130924
20160709
20150503
20140805
20130522
20160101
20150516
20161006
20160519
20151002
20150921
20140819
20130619
20160807
20160224
20130924
20131004
20151028
20150808
20130312
20160526
20141107
20131120
20161002
20150228
20160616
20150819
20151225
20130628
20161113
20141112
20151008
20160303
20140821
20150707
20160126
20160901
20161228
20160302
20160901
20150104
20130608
20150607
20160406
20131009
20160608
20130323
20130614
20160215
20130912
20150120
20150625
20160522
20140414
20140310
20130706
20150121
20140510
20161126
20130328
20130519
20130726
20150208
20151018
20160514
20160206
20160212
20140219
20160306
20160703
20130608
20131209
20150705
20160303
20161215
20150117
20130707
20130418
20140504
20140108
20160323
20160905
20131014
20141015
20160120
20151011
20160824
20140823
20160404
20140517
20130814
20130604
20141202
20141225
20130309
20131117
20130423
20160815
20140614
20140505
20130608
20140408
20150911
20151203
20160124
20160519
20151111
20150725
20140511
20151225
20160409
20160412
20140416
20161123
20150501
20150721
20140610
20140912
20140628
20130709
20130111
20140510
20160607
20130301
20150107
20130312
20160815
20160505
20150824
20131202
20130725
20150912
20150206
20130102
20141007
20140113
20150120
20130807
20141216
20160615
20130412
20150905
20161124
20150104
20161122
20140914
20151212
20160109
20161209
20130122
20140925
20161112
20161123
20160319
20160124
20150803
20140228
20160605
20161006
20150822
20140911
20150925
20130913
20130124
20140618
20131209
20140716
20140712
20140901
20150813
20140927
20140913
20160806
20151002
20160423
20160618
20161121
20160423
20150505
20141226
20160417
20130221
20150910
20160303
20160613
20140113
20130407
20130210
20140103
20131026
20130210
20161212
20140326
20130718
20140826
20160305
20140423
20140716
20150207
20150721
20140215
20140112
20150318
20131013
20160913
20160112
20141020
20130105
20160321
20150908
20130222
20130115
20131222
20150406
20160225
20140904
20161023
20140901
20140523
20130606
20150522
20151101
20150223
20140115
20151115
20130204
20160413
20150112
20150712
20161121
20130618
20130302
20150113
20140720
20140211
20130825
20140713
20140515
20160517
20150424
20140903
20150222
20150101
20140618
20140117
20130719
20151225
20160426
20140326
20140905
20130720
20130611
20130919
20130924
20140721
20160323
20130712
20140926
20150124
20160927
20130303
20150919
20160606
20161204
20131213
20151005
20130220
20141114
20161014
20130515
20150120
20140521
20161221
20130825
20150401
20151226
20131124
20160609
20140314
20161205
20130503
20160723
20130102
20150304
20160712
20130420
20130216
20160608
20160427
20160618
20150724
20141015
20160303
20141117
20130415
20160619
20130522
20130303
20130410
20160309
20150216
20130720
20160203
20141022
20160328
20151213
20150505
20130710
20161128
20130312
20150315
20161224
20131208
20140913
20140509
20140219
20150918
20130106
20140512
20131018
20160603
20140402
20160601
20130704
20160903
20150713
20140610
20130212
20131004
20160817
20140606
20150428
20160307
20140606
20131108
20150105
20160404
20140802
20130203
20131112
20130325
20140124
20131222
20130221
20130402
20130920
20150609
20130519
20160118
20151012
20160121
20141109
20130511
20140304
20140611
20130606
20140801
20130710
20161013
20150209
20140403
20160209
20130526
20150201
20130523
20160925
20160201
20140404
20130213
20140524
20150822
20130423
20141215
20160814
20151102
20160907
20150805
20140621
20140822
20140104
20140902
20140420
20150703
20130109
20150525
20150711
20131114
20130613
20160824
20160908
20150217
20130715
20160826
20130522
20160503
20160810
20150408
20150621
20150204
20130105
20161227
20150323
20150821
20140214
20130326
20160824
20151023
20150902
20140614
20151102
20140607
20151122
20131124
20130304
20150114
20131202
20140615
20160818
20131222
20151025
20150123
20161118
20150818
20130503
20150819
20150524
20160314
20141220
20151218
20151206
20150711
20131026
20150806
20140711
20150422
20160527
20130619
20160923
20161024
20160114
20130119
20141008
20151022
20140901
20130918
20141102
20160422
20131216
20130527
20150115
20141119
20140427
20150228
20131022
20160701
20140927
20161017
20140211
20140905
20130916
20150113
20130216
20130908
20140825
20161226
20130316
20130619
20160505
20130220
20141119
20130327
20130718
20140509
20130108
20130326
20130905
20130522
20160116
20140923
20150115
20140411
20150416
20160702
20140217
20160918
20150715
20141016
20160508
20131220
20140427
20161210
20130724
20160721
20150219
20151225
20160408
20130227
20131222
20161226
20160715
20151118
20160624
20160507
20160608
20161013
20140616
20150403
20140102
20150922
20141108
20131017
20140311
20160417
20160827
20150409
20150608
20140101
20131212
20140728
20151010
20150724
20140303
20150403
20140210
20151022
20140711
20151112
20161225
20160521
20140710
20151218
20130103
20130205
20150611
20161216
20150219
20140409
20150301
20151113
20150608
20140319
20140620
20131220
20130604
20150911
20130926
20150225
20161120
20131004
20130719
20141205
20150418
20140813
20160301
20150117
20160612
20140204
20140408
20151227
20160222
20150804
20130610
20161226
20160808
20130517
20160718
20160409
20151019
20140306
20140608
20160320
20140527
20140122
20140614
20131224
20140206
20150715
20160319
20160118
20150425
20130317
20141007
20150716
20160822
20140510
20150828
20131209
20161103
20140314
20151126
20160228
20131201
20160112
20161023
20130608
20150421
20140115
20130118
20140928
20130423
20150305
20130103
20140812
20130803
20150101
20160320
20150417
20160718
20160216
20160513
20140920
20151115
20140219
20161116
20131127
20141223
20161217
20151024
20150309
20160504
20160506
20130313
20150917
20150416
20130301
20160405
20160423
20150916
20150225
20150423
20160312
20150709
20130412
20140611
20160901
20140411
20130522
20150128
20140927
20140102
20140213
20130111
20131023
20161003
20160201
20150425
20160703
20130925
20140305
20160513
20140302
20130705
20141215
20161105
20140508
20140425
20160503
20130220
20150418
20130312
20140128
20151206
20160201
20150704
20151008
20150813
20160426
20160609
20150715
20140904
20140414
20140807
20130408
20140623
20130823
20140307
20151109
20151012
20160524
20131109
20130718
20140511
20141213
20150720
20131201
20160526
20140223
20141018
20150110
20160508
20160427
20150220
20131204
20150105
20130226
20151128
20151202
20140211
20130401
20140804
20150502
20150114
20151118
20150817
20130223
20130823
20140324
20160928
20150114
20160212
20130727
20141113
20130128
20130614
20161016
20140419
20140512
20131216
20160312
20160417
20151002
20150221
20130904
20141006
20140809
20160221
20140709
20160509
20160428
20130614
20150421
20141128
20160125
20160204
20131123
20160504
20140524
20130721
20161111
20160302
20160303
20130612
20160726
20161102
20140306
20130401
20140604
20140623
20151228
20160327
20140621
20140421
20131108
20150319
20161211
20140804
20151024
20150910
20131017
20150802
20130103
20141007
20130214
20141225
20140901
20150811
20160105
20150716
20160917
20141020
20151214
20130725
20150306
20160826
20151106
20140425
20130706
20140714
20130210
20150125
20131109
20150403
20140620
20130813
20150222
20160118
20150723
20160212
20140827
20140108
20130926
20140801
20161119
20150816
20130104
20160115
20130723
20150312
20161116
20151017
20151020
20150707
20151010
20150813
20140402
20161025
20150507
20141024
20160719
20160304
20130728
20130915
20130311
20150620
20141119
20130215
20150609
20140814
20160415
20140917
20140319
20140604
20130911
20150825
20160201
20140210
20140503
20141210
20130113
20150721
20130620
20161019
20150424
20140520
20160511
20140506
20140618
20130213
20161226
20150212
20161225
20150815
20150108
20160607
20130414
20160813
20150124
20141217
20150205
20140903
20130101
20130922
20140316
20160828
20151006
20161010
20131011
20130622
20160915
20140318
20130909
20130908
20140313
20130622
20160708
20140813
20140521
20131205
20150408
20150613
20140725
20130609
20130704
20151023
20130424
20160707
20140218
20141224
20140401
20161221
20130818
20141010
20160811
20140621
20160126
20140713
20141202
20150123
20140722
20140202
20140716
20141115
20150117
20151107
20130807
20160818
20140818
20140824
20130216
20141128
20130815
20141127
20130401
20160716
20150219
20160608
20160125
20130620
20130903
20130912
20130728
20161209
20150720
20150405
20151103
20150421
20140713
20141103
20130315
20140910
20130915
20151203
20140609
20160501
20141103
20150224
20130206
20160727
20130124
20160820
20131228
20160404
20160502
20141010
20130522
20160115
20151116
20141001
20161008
20150227
20160505
20130221
20141223
20160211
20150627
20131201
20160428
20131117
20140222
20141223
20140328
20140918
20131224
20140214
20150916
20141103
20141009
20160217
20141014
20160713
20131108
20150224
20140713
20151017
20161123
20140506
20150401
20130427
20151210
20130312
20140811
20141102
20160612
20140119
20151020
20130801
20150319
20130814
20130105
20161127
20141003
20150211
20151227
20160711
20130422
20130209
20131024
20140627
20150917
20131112
20160215
20141224
20141004
20150918
20160304
20150803
20130905
20160602
20131212
20150525
20160601
20130516
20160711
20140103
20140816
20160522
20130121
20151225
20160416
20130924
20161212
20131226
20160813
20140904
20140615
20141009
20151226
20140725
20160825
20150316
20131005
20160615
20151113
20130216
20160614
20150904
20151203
20150410
20150127
20150316
20161216
20140619
20140617
20140401
20151113
20150820
20160725
20160226
20130104
20141221
20150306
20140415
20150316
20140313
20151004
20130506
20140916
20140503
20140214
20150803
20150223
20161218
20151102
20150104
20150612
20160925
20150316
20130620
20150615
20131223
20140227
20150623
20160613
20140810
20130226
20160803
20160907
20130819
20150718
20161119
20130607
20140227
20141125
20160315
20161220
20160210
20140904
20130205
20140121
20141007
20130907
20141121
20161014
20150625
20151017
20160521
20160916
20130927
20140120
20160321
20160524
20160604
20140428
20160902
20131228
20151110
20141211
20150906
20131111
20160118
20151205
20131025
20150308
20161225
20151117
20161108
20130510
20161028
20150210
20150818
20160628
20160828
20140122
20130204
20140718
20140201
20160120
20141008
20140109
20150222
20150525
20161006
20140914
20160918
20151122
20140115
20150827
20130812
20150626
20151117
20151015
20160610
20131021
20151012
20131009
20141217
20160918
20160822
20160324
20160318
20160704
20130311
20150928
20140314
20160209
20140721
20130503
20151022
20140601
20160807
20160715
20130802
20130518
20161001
20130201
20160413
20130216
20130713
20140803
20160914
20130106
20160606
20140616
20130116
20150110
20140616
20160624
20131221
20151208
20130313
20150704
20130514
20150511
20160209
20141209
20131028
20150417
20151214
20161128
20160424
20130322
20160316
20160126
20130315
20160601
20140708
20130805
20140917
20130320
20160928
20150616
20151101
20160603
20140224
20150427
20150926
20140116
20140413
20130719
20130215
20140715
20150609
20160309
20160407
20141203
20130328
20151218
20141120
20140715
20131124
20131103
20150227
20160221
20131221
20130410
20140705
20161216
20130909
20141022
20130722
20130105
20130111
20160915
20161001
20161101
20130323
20160622
20140206
20151003
20150311
20140116
20141213
20151227
20150623
20130922
20150404
20150508
20140528
20130925
20150125
20151101
20131024
20150807
20140523
20130112
20140511
20150107
20151204
20131101
20131127
20160617
20130520
20140422
20150924
20140802
20140327
20140223
20130907
20140914
20140402
20160815
20130222
20160409
20160813
20160216
20151225
20161101
20150111
20130614
20160414
20150313
20140419
20131204
20130316
20140116
20151004
20150604
20131119
20140221
20140212
20151118
20131101
20150704
20140504
20160301
20140318
20130118
20131221
20160915
20140412
20130528
20160307
20140304
20160318
20160304
20160402
20151219
20161028
20151117
20160327
20150822
20161220
20151014
20131102
20150104
20150917
20130814
20160325
20140306
20160623
20140428
20140121
20140401
20150405
20150512
20150912
20151221
20140124
20130203
20130224
20150504
20160413
20140618
20140722
20140726
20130923
20161219
20160203
20140806
20140112
20160313
20150323
20151110
20160515
20160611
20130401
20150418
20131124
20140405
20150908
20140608
20130221
20150404
20140523
20141105
20140225
20130801
20141117
20151017
20150404
20140926
20140909
20151106
20150128
20150518
20130321
20140805
20140305
20141016
20130806
20140122
20130621
20130907
20140325
20150807
20140315
20131110
20150622
20161216
20131103
20160521
20150116
20150528
20151215
20130817
20161010
20151001
20130911
20150811
20141011
20160507
20130901
20160513
20160622
20160921
20150324
20131210
20130114
20151025
20160316
20160113
20150813
20160211
20141103
20160717
20140820
20130501
20160625
20160506
20130916
20130927
20130719
20150618
20150125
20160616
20130207
20160115
20151210
20131015
20140425
20140526
20150514
20140826
20150611
20150917
20151120
20150528
20160209
20161219
20140411
20140526
20151216
20150508
20140818
20140109
20150502
20150313
20160619
20150320
20150603
20150811
20131223
20160704
20150913
20140527
20131015
20150310
20130527
20150810
20140327
20160301
20160509
20140714
20131018
20130109
20150921
20161122
20150523
20140109
20141015
20130902
20160825
20130120
20150901
20160219
20140219
20140124
20130814
20160306
20140116
20150325
20160314
20160408
20130526
20161017
20130707
20150118
20150126
20150228
20130917
20161126
20150313
20160513
20150314
20151015
20150716
20130310
20160801
20130913
20160804
20141027
20130302
20141117
20150109
20130203
20161207
20130708
20160410
20140528
20160919
20131227
20130922
20160706
20130506
20140103
20150307
20130203
20130318
20130510
20150822
20160511
20151011
20141119
20130828
20130813
20140207
20131014
20151026
20141020
20140902
20150504
20140909
20150926
20130222
20160321
20150309
20150823
20140410
20160621
20140401
20160301
20131013
20161126
20130216
20130828
20150403
20161227
20131005
20140315
20131115
20161107
20150923
20140208
20140415
20130921
20151024
20150519
20151018
20161125
20160605
20160618
20130203
20140516
20130603
20131214
20140506
20150311
20160603
20130312
20130826
20150608
20130422
20140115
20140801
20150614
20150404
20161023
20150414
20161128
20160112
20130907
20150120
20160605
20131001
20131105
20131207
20130708
20150913
20140209
20130201
20160921
20141017
20151022
20130810
20140305
20160827
20130818
20160128
20161205
20141025
20160705
20131023
20150719
20130207
20140106
20160817
20161122
20130412
20150619
20150105
20130309
20130628
20130404
20130815
20160224
20151224
20160204
20140821
20140220
20160115
20140813
20160402
20130418
20130818
20160423
20141210
20151016
20131123
20130208
20151027
20131021
20130204
20131224
20140517
20130920
20140426
20140618
20150802
20130420
20160814
20160625
20160601
20141220
20140428
20130707
20131122
20140204
20150427
20130511
20150915
20160325
20130222
20150702
20151108
20151208
20160720
20130317
20150427
20130911
20151204
20141223
20151227
20150101
20130817
20140208
20131224
20150405
20160421
20161123
20160908
20160326
20130513
20141111
20150518
20130220
20130722
20151222
20130418
20131205
20150404
20150608
20140327
20150815
20160806
20130319
20161114
20140515
20130204
20150315
20140212
20130615
20140926
20161203
20161116
20151018
20140726
20160105
20160912
20151116
20160414
20140201
20131215
20161018
20140716
20160122
20140125
20130501
20161021
20140622
20150112
20130718
20130510
20141221
20140211
20150614
20160728
20160818
20140410
20140323
20150308
20141115
20141227
20131112
20140726
20151204
20141118
20151101
20160705
20160123
20160713
20150407
20161015
20130216
20150727
20160319
20161001
20160122
20141016
20130114
20161117
20130923
20130818
20130613
20151221
20140212
20140212
20150206
20160710
20160225
20160510
20150628
20140417
20140516
20150403
20140215
20150622
20160126
20130420
20160108
20151220
20161022
20130127
20160624
20130426
20141020
20140704
20140420
20160223
20160507
20161228
20150217
20140101
20140118
20130721
20150721
20150325
20150627
20160411
20130623
20140801
20161022
20160420
20130222
20140711
20150425
20131219
20161018
20130327
20130828
20131012
20140824
20150208
20130402
20150902
20150901
20151209
20150813
20140826
20161119
20160725
20140625
20141101
20131221
20160703
20160221
20131222
20140126
20160818
20160607
20140602
20160713
20131005
20141015
20130827
20160710
20140702
20130824
20160101
20150206
20160814
20150712
20140925
20140426
20160526
20160719
20140609
20140928
20140814
20140704
20160317
20160627
20130921
20160109
20140715
20130314
20160306
20151213
20150515
20140304
20130508
20151201
20140519
20160208
20160902
20130306
20150118
20160914
20161110
20160904
20160408
20150411
20160601
20141213
20160119
20140616
20140428
20151105
20140718
20141023
20141024
20130627
20140617
20160311
20150822
20160813
20140411
20141123
20160402
20141103
20130405
20140315
20160707
20150623
20150112
20130920
20130504
20130509
20130319
20130827
20150127
20160216
20160708
20161010
20130109
20140511
20151002
20150808
20130908
20150416
20150616
20160320
20161218
20140307
20130226
20140821
20150107
20131218
20150623
20150410
20140619
20151109
20131201
20160815
20151107
20160611
20160607
20150505
20151003
20141218
20130124
20150817
20150718
20130926
20141228
20151013
20150922
20160306
20150814
20131124
20131120
20131004
20130227
20140201
20140802
20150528
20130421
20160603
20150218
20140104
20140128
20140322
20160404
20131220
20130825
20151027
20160308
20140215
20150918
20141107
20131219
20160828
20140115
20140116
20160309
20150101
20130526
20141017
20140321
20140713
20161126
20130721
20140621
20150105
20131111
20140628
20131202
20141114
20150216
20160611
20160818
20131227
20130506
20140219
20150403
20150117
20150210
20150417
20130402
20130801
20141223
20140918
20130324
20150102
20161015
20140708
20130405
20141008
20130417
20140814
20140508
20131126
20141124
20130504
20160604
20140927
20130812
20140711
20130604
20130709
20130908
20160228
20150706
20160712
20130217
20140228
20160511
20150426
20130809
20150428
20160320
20161011
20150828
20150814
