20130101 2013 1 1
20130102 2013 1 2
20130103 2013 1 3
20130104 2013 1 4
20130105 2013 1 5
20130106 2013 1 6
20130107 2013 1 7
20130108 2013 1 8
20130109 2013 1 9
20130110 2013 1 10
20130111 2013 1 11
20130112 2013 1 12
20130113 2013 1 13
20130114 2013 1 14
20130115 2013 1 15
20130116 2013 1 16
20130117 2013 1 17
20130118 2013 1 18
20130119 2013 1 19
20130120 2013 1 20
20130121 2013 1 21
20130122 2013 1 22
20130123 2013 1 23
20130124 2013 1 24
20130125 2013 1 25
20130126 2013 1 26
20130127 2013 1 27
20130128 2013 1 28
20130129 2013 1 29
20130130 2013 1 30
20130201 2013 2 1
20130202 2013 2 2
20130203 2013 2 3
20130204 2013 2 4
20130205 2013 2 5
20130206 2013 2 6
20130207 2013 2 7
20130208 2013 2 8
20130209 2013 2 9
20130210 2013 2 10
20130211 2013 2 11
20130212 2013 2 12
20130213 2013 2 13
20130214 2013 2 14
20130215 2013 2 15
20130216 2013 2 16
20130217 2013 2 17
20130218 2013 2 18
20130219 2013 2 19
20130220 2013 2 20
20130221 2013 2 21
20130222 2013 2 22
20130223 2013 2 23
20130224 2013 2 24
20130225 2013 2 25
20130226 2013 2 26
20130227 2013 2 27
20130301 2013 3 1
20130302 2013 3 2
20130303 2013 3 3
20130304 2013 3 4
20130305 2013 3 5
20130306 2013 3 6
20130307 2013 3 7
20130308 2013 3 8
20130309 2013 3 9
20130310 2013 3 10
20130311 2013 3 11
20130312 2013 3 12
20130313 2013 3 13
20130314 2013 3 14
20130315 2013 3 15
20130316 2013 3 16
20130317 2013 3 17
20130318 2013 3 18
20130319 2013 3 19
20130320 2013 3 20
20130321 2013 3 21
20130322 2013 3 22
20130323 2013 3 23
20130324 2013 3 24
20130325 2013 3 25
20130326 2013 3 26
20130327 2013 3 27
20130328 2013 3 28
20130329 2013 3 29
20130330 2013 3 30
20130401 2013 4 1
20130402 2013 4 2
20130403 2013 4 3
20130404 2013 4 4
20130405 2013 4 5
20130406 2013 4 6
20130407 2013 4 7
20130408 2013 4 8
20130409 2013 4 9
20130410 2013 4 10
20130411 2013 4 11
20130412 2013 4 12
20130413 2013 4 13
20130414 2013 4 14
20130415 2013 4 15
20130416 2013 4 16
20130417 2013 4 17
20130418 2013 4 18
20130419 2013 4 19
20130420 2013 4 20
20130421 2013 4 21
20130422 2013 4 22
20130423 2013 4 23
20130424 2013 4 24
20130425 2013 4 25
20130426 2013 4 26
20130427 2013 4 27
20130428 2013 4 28
20130429 2013 4 29
20130501 2013 5 1
20130502 2013 5 2
20130503 2013 5 3
20130504 2013 5 4
20130505 2013 5 5
20130506 2013 5 6
20130507 2013 5 7
20130508 2013 5 8
20130509 2013 5 9
20130510 2013 5 10
20130511 2013 5 11
20130512 2013 5 12
20130513 2013 5 13
20130514 2013 5 14
20130515 2013 5 15
20130516 2013 5 16
20130517 2013 5 17
20130518 2013 5 18
20130519 2013 5 19
20130520 2013 5 20
20130521 2013 5 21
20130522 2013 5 22
20130523 2013 5 23
20130524 2013 5 24
20130525 2013 5 25
20130526 2013 5 26
20130527 2013 5 27
20130528 2013 5 28
20130529 2013 5 29
20130530 2013 5 30
20130601 2013 6 1
20130602 2013 6 2
20130603 2013 6 3
20130604 2013 6 4
20130605 2013 6 5
20130606 2013 6 6
20130607 2013 6 7
20130608 2013 6 8
20130609 2013 6 9
20130610 2013 6 10
20130611 2013 6 11
20130612 2013 6 12
20130613 2013 6 13
20130614 2013 6 14
20130615 2013 6 15
20130616 2013 6 16
20130617 2013 6 17
20130618 2013 6 18
20130619 2013 6 19
20130620 2013 6 20
20130621 2013 6 21
20130622 2013 6 22
20130623 2013 6 23
20130624 2013 6 24
20130625 2013 6 25
20130626 2013 6 26
20130627 2013 6 27
20130628 2013 6 28
20130629 2013 6 29
20130701 2013 7 1
20130702 2013 7 2
20130703 2013 7 3
20130704 2013 7 4
20130705 2013 7 5
20130706 2013 7 6
20130707 2013 7 7
20130708 2013 7 8
20130709 2013 7 9
20130710 2013 7 10
20130711 2013 7 11
20130712 2013 7 12
20130713 2013 7 13
20130714 2013 7 14
20130715 2013 7 15
20130716 2013 7 16
20130717 2013 7 17
20130718 2013 7 18
20130719 2013 7 19
20130720 2013 7 20
20130721 2013 7 21
20130722 2013 7 22
20130723 2013 7 23
20130724 2013 7 24
20130725 2013 7 25
20130726 2013 7 26
20130727 2013 7 27
20130728 2013 7 28
20130729 2013 7 29
20130730 2013 7 30
20130801 2013 8 1
20130802 2013 8 2
20130803 2013 8 3
20130804 2013 8 4
20130805 2013 8 5
20130806 2013 8 6
20130807 2013 8 7
20130808 2013 8 8
20130809 2013 8 9
20130810 2013 8 10
20130811 2013 8 11
20130812 2013 8 12
20130813 2013 8 13
20130814 2013 8 14
20130815 2013 8 15
20130816 2013 8 16
20130817 2013 8 17
20130818 2013 8 18
20130819 2013 8 19
20130820 2013 8 20
20130821 2013 8 21
20130822 2013 8 22
20130823 2013 8 23
20130824 2013 8 24
20130825 2013 8 25
20130826 2013 8 26
20130827 2013 8 27
20130828 2013 8 28
20130829 2013 8 29
20130830 2013 8 30
20130901 2013 9 1
20130902 2013 9 2
20130903 2013 9 3
20130904 2013 9 4
20130905 2013 9 5
20130906 2013 9 6
20130907 2013 9 7
20130908 2013 9 8
20130909 2013 9 9
20130910 2013 9 10
20130911 2013 9 11
20130912 2013 9 12
20130913 2013 9 13
20130914 2013 9 14
20130915 2013 9 15
20130916 2013 9 16
20130917 2013 9 17
20130918 2013 9 18
20130919 2013 9 19
20130920 2013 9 20
20130921 2013 9 21
20130922 2013 9 22
20130923 2013 9 23
20130924 2013 9 24
20130925 2013 9 25
20130926 2013 9 26
20130927 2013 9 27
20130928 2013 9 28
20130929 2013 9 29
20131001 2013 10 1
20131002 2013 10 2
20131003 2013 10 3
20131004 2013 10 4
20131005 2013 10 5
20131006 2013 10 6
20131007 2013 10 7
20131008 2013 10 8
20131009 2013 10 9
20131010 2013 10 10
20131011 2013 10 11
20131012 2013 10 12
20131013 2013 10 13
20131014 2013 10 14
20131015 2013 10 15
20131016 2013 10 16
20131017 2013 10 17
20131018 2013 10 18
20131019 2013 10 19
20131020 2013 10 20
20131021 2013 10 21
20131022 2013 10 22
20131023 2013 10 23
20131024 2013 10 24
20131025 2013 10 25
20131026 2013 10 26
20131027 2013 10 27
20131028 2013 10 28
20131029 2013 10 29
20131030 2013 10 30
20131101 2013 11 1
20131102 2013 11 2
20131103 2013 11 3
20131104 2013 11 4
20131105 2013 11 5
20131106 2013 11 6
20131107 2013 11 7
20131108 2013 11 8
20131109 2013 11 9
20131110 2013 11 10
20131111 2013 11 11
20131112 2013 11 12
20131113 2013 11 13
20131114 2013 11 14
20131115 2013 11 15
20131116 2013 11 16
20131117 2013 11 17
20131118 2013 11 18
20131119 2013 11 19
20131120 2013 11 20
20131121 2013 11 21
20131122 2013 11 22
20131123 2013 11 23
20131124 2013 11 24
20131125 2013 11 25
20131126 2013 11 26
20131127 2013 11 27
20131128 2013 11 28
20131129 2013 11 29
20131201 2013 12 1
20131202 2013 12 2
20131203 2013 12 3
20131204 2013 12 4
20131205 2013 12 5
20131206 2013 12 6
20131207 2013 12 7
20131208 2013 12 8
20131209 2013 12 9
20131210 2013 12 10
20131211 2013 12 11
20131212 2013 12 12
20131213 2013 12 13
20131214 2013 12 14
20131215 2013 12 15
20131216 2013 12 16
20131217 2013 12 17
20131218 2013 12 18
20131219 2013 12 19
20131220 2013 12 20
20131221 2013 12 21
20131222 2013 12 22
20131223 2013 12 23
20131224 2013 12 24
20131225 2013 12 25
20131226 2013 12 26
20131227 2013 12 27
20131228 2013 12 28
20131229 2013 12 29
20131230 2013 12 30
20140101 2014 1 1
20140102 2014 1 2
20140103 2014 1 3
20140104 2014 1 4
20140105 2014 1 5
20140106 2014 1 6
20140107 2014 1 7
20140108 2014 1 8
20140109 2014 1 9
20140110 2014 1 10
20140111 2014 1 11
20140112 2014 1 12
20140113 2014 1 13
20140114 2014 1 14
20140115 2014 1 15
20140116 2014 1 16
20140117 2014 1 17
20140118 2014 1 18
20140119 2014 1 19
20140120 2014 1 20
20140121 2014 1 21
20140122 2014 1 22
20140123 2014 1 23
20140124 2014 1 24
20140125 2014 1 25
20140126 2014 1 26
20140127 2014 1 27
20140128 2014 1 28
20140129 2014 1 29
20140130 2014 1 30
20140201 2014 2 1
20140202 2014 2 2
20140203 2014 2 3
20140204 2014 2 4
20140205 2014 2 5
20140206 2014 2 6
20140207 2014 2 7
20140208 2014 2 8
20140209 2014 2 9
20140210 2014 2 10
20140211 2014 2 11
20140212 2014 2 12
20140213 2014 2 13
20140214 2014 2 14
20140215 2014 2 15
20140216 2014 2 16
20140217 2014 2 17
20140218 2014 2 18
20140219 2014 2 19
20140220 2014 2 20
20140221 2014 2 21
20140222 2014 2 22
20140223 2014 2 23
20140224 2014 2 24
20140225 2014 2 25
20140226 2014 2 26
20140227 2014 2 27
20140301 2014 3 1
20140302 2014 3 2
20140303 2014 3 3
20140304 2014 3 4
20140305 2014 3 5
20140306 2014 3 6
20140307 2014 3 7
20140308 2014 3 8
20140309 2014 3 9
20140310 2014 3 10
20140311 2014 3 11
20140312 2014 3 12
20140313 2014 3 13
20140314 2014 3 14
20140315 2014 3 15
20140316 2014 3 16
20140317 2014 3 17
20140318 2014 3 18
20140319 2014 3 19
20140320 2014 3 20
20140321 2014 3 21
20140322 2014 3 22
20140323 2014 3 23
20140324 2014 3 24
20140325 2014 3 25
20140326 2014 3 26
20140327 2014 3 27
20140328 2014 3 28
20140329 2014 3 29
20140330 2014 3 30
20140401 2014 4 1
20140402 2014 4 2
20140403 2014 4 3
20140404 2014 4 4
20140405 2014 4 5
20140406 2014 4 6
20140407 2014 4 7
20140408 2014 4 8
20140409 2014 4 9
20140410 2014 4 10
20140411 2014 4 11
20140412 2014 4 12
20140413 2014 4 13
20140414 2014 4 14
20140415 2014 4 15
20140416 2014 4 16
20140417 2014 4 17
20140418 2014 4 18
20140419 2014 4 19
20140420 2014 4 20
20140421 2014 4 21
20140422 2014 4 22
20140423 2014 4 23
20140424 2014 4 24
20140425 2014 4 25
20140426 2014 4 26
20140427 2014 4 27
20140428 2014 4 28
20140429 2014 4 29
20140501 2014 5 1
20140502 2014 5 2
20140503 2014 5 3
20140504 2014 5 4
20140505 2014 5 5
20140506 2014 5 6
20140507 2014 5 7
20140508 2014 5 8
20140509 2014 5 9
20140510 2014 5 10
20140511 2014 5 11
20140512 2014 5 12
20140513 2014 5 13
20140514 2014 5 14
20140515 2014 5 15
20140516 2014 5 16
20140517 2014 5 17
20140518 2014 5 18
20140519 2014 5 19
20140520 2014 5 20
20140521 2014 5 21
20140522 2014 5 22
20140523 2014 5 23
20140524 2014 5 24
20140525 2014 5 25
20140526 2014 5 26
20140527 2014 5 27
20140528 2014 5 28
20140529 2014 5 29
20140530 2014 5 30
20140601 2014 6 1
20140602 2014 6 2
20140603 2014 6 3
20140604 2014 6 4
20140605 2014 6 5
20140606 2014 6 6
20140607 2014 6 7
20140608 2014 6 8
20140609 2014 6 9
20140610 2014 6 10
20140611 2014 6 11
20140612 2014 6 12
20140613 2014 6 13
20140614 2014 6 14
20140615 2014 6 15
20140616 2014 6 16
20140617 2014 6 17
20140618 2014 6 18
20140619 2014 6 19
20140620 2014 6 20
20140621 2014 6 21
20140622 2014 6 22
20140623 2014 6 23
20140624 2014 6 24
20140625 2014 6 25
20140626 2014 6 26
20140627 2014 6 27
20140628 2014 6 28
20140629 2014 6 29
20140701 2014 7 1
20140702 2014 7 2
20140703 2014 7 3
20140704 2014 7 4
20140705 2014 7 5
20140706 2014 7 6
20140707 2014 7 7
20140708 2014 7 8
20140709 2014 7 9
20140710 2014 7 10
20140711 2014 7 11
20140712 2014 7 12
20140713 2014 7 13
20140714 2014 7 14
20140715 2014 7 15
20140716 2014 7 16
20140717 2014 7 17
20140718 2014 7 18
20140719 2014 7 19
20140720 2014 7 20
20140721 2014 7 21
20140722 2014 7 22
20140723 2014 7 23
20140724 2014 7 24
20140725 2014 7 25
20140726 2014 7 26
20140727 2014 7 27
20140728 2014 7 28
20140729 2014 7 29
20140730 2014 7 30
20140801 2014 8 1
20140802 2014 8 2
20140803 2014 8 3
20140804 2014 8 4
20140805 2014 8 5
20140806 2014 8 6
20140807 2014 8 7
20140808 2014 8 8
20140809 2014 8 9
20140810 2014 8 10
20140811 2014 8 11
20140812 2014 8 12
20140813 2014 8 13
20140814 2014 8 14
20140815 2014 8 15
20140816 2014 8 16
20140817 2014 8 17
20140818 2014 8 18
20140819 2014 8 19
20140820 2014 8 20
20140821 2014 8 21
20140822 2014 8 22
20140823 2014 8 23
20140824 2014 8 24
20140825 2014 8 25
20140826 2014 8 26
20140827 2014 8 27
20140828 2014 8 28
20140829 2014 8 29
20140830 2014 8 30
20140901 2014 9 1
20140902 2014 9 2
20140903 2014 9 3
20140904 2014 9 4
20140905 2014 9 5
20140906 2014 9 6
20140907 2014 9 7
20140908 2014 9 8
20140909 2014 9 9
20140910 2014 9 10
20140911 2014 9 11
20140912 2014 9 12
20140913 2014 9 13
20140914 2014 9 14
20140915 2014 9 15
20140916 2014 9 16
20140917 2014 9 17
20140918 2014 9 18
20140919 2014 9 19
20140920 2014 9 20
20140921 2014 9 21
20140922 2014 9 22
20140923 2014 9 23
20140924 2014 9 24
20140925 2014 9 25
20140926 2014 9 26
20140927 2014 9 27
20140928 2014 9 28
20140929 2014 9 29
20141001 2014 10 1
20141002 2014 10 2
20141003 2014 10 3
20141004 2014 10 4
20141005 2014 10 5
20141006 2014 10 6
20141007 2014 10 7
20141008 2014 10 8
20141009 2014 10 9
20141010 2014 10 10
20141011 2014 10 11
20141012 2014 10 12
20141013 2014 10 13
20141014 2014 10 14
20141015 2014 10 15
20141016 2014 10 16
20141017 2014 10 17
20141018 2014 10 18
20141019 2014 10 19
20141020 2014 10 20
20141021 2014 10 21
20141022 2014 10 22
20141023 2014 10 23
20141024 2014 10 24
20141025 2014 10 25
20141026 2014 10 26
20141027 2014 10 27
20141028 2014 10 28
20141029 2014 10 29
20141030 2014 10 30
20141101 2014 11 1
20141102 2014 11 2
20141103 2014 11 3
20141104 2014 11 4
20141105 2014 11 5
20141106 2014 11 6
20141107 2014 11 7
20141108 2014 11 8
20141109 2014 11 9
20141110 2014 11 10
20141111 2014 11 11
20141112 2014 11 12
20141113 2014 11 13
20141114 2014 11 14
20141115 2014 11 15
20141116 2014 11 16
20141117 2014 11 17
20141118 2014 11 18
20141119 2014 11 19
20141120 2014 11 20
20141121 2014 11 21
20141122 2014 11 22
20141123 2014 11 23
20141124 2014 11 24
20141125 2014 11 25
20141126 2014 11 26
20141127 2014 11 27
20141128 2014 11 28
20141129 2014 11 29
20141201 2014 12 1
20141202 2014 12 2
20141203 2014 12 3
20141204 2014 12 4
20141205 2014 12 5
20141206 2014 12 6
20141207 2014 12 7
20141208 2014 12 8
20141209 2014 12 9
20141210 2014 12 10
20141211 2014 12 11
20141212 2014 12 12
20141213 2014 12 13
20141214 2014 12 14
20141215 2014 12 15
20141216 2014 12 16
20141217 2014 12 17
20141218 2014 12 18
20141219 2014 12 19
20141220 2014 12 20
20141221 2014 12 21
20141222 2014 12 22
20141223 2014 12 23
20141224 2014 12 24
20141225 2014 12 25
20141226 2014 12 26
20141227 2014 12 27
20141228 2014 12 28
20141229 2014 12 29
20141230 2014 12 30
20150101 2015 1 1
20150102 2015 1 2
20150103 2015 1 3
20150104 2015 1 4
20150105 2015 1 5
20150106 2015 1 6
20150107 2015 1 7
20150108 2015 1 8
20150109 2015 1 9
20150110 2015 1 10
20150111 2015 1 11
20150112 2015 1 12
20150113 2015 1 13
20150114 2015 1 14
20150115 2015 1 15
20150116 2015 1 16
20150117 2015 1 17
20150118 2015 1 18
20150119 2015 1 19
20150120 2015 1 20
20150121 2015 1 21
20150122 2015 1 22
20150123 2015 1 23
20150124 2015 1 24
20150125 2015 1 25
20150126 2015 1 26
20150127 2015 1 27
20150128 2015 1 28
20150129 2015 1 29
20150130 2015 1 30
20150201 2015 2 1
20150202 2015 2 2
20150203 2015 2 3
20150204 2015 2 4
20150205 2015 2 5
20150206 2015 2 6
20150207 2015 2 7
20150208 2015 2 8
20150209 2015 2 9
20150210 2015 2 10
20150211 2015 2 11
20150212 2015 2 12
20150213 2015 2 13
20150214 2015 2 14
20150215 2015 2 15
20150216 2015 2 16
20150217 2015 2 17
20150218 2015 2 18
20150219 2015 2 19
20150220 2015 2 20
20150221 2015 2 21
20150222 2015 2 22
20150223 2015 2 23
20150224 2015 2 24
20150225 2015 2 25
20150226 2015 2 26
20150227 2015 2 27
20150301 2015 3 1
20150302 2015 3 2
20150303 2015 3 3
20150304 2015 3 4
20150305 2015 3 5
20150306 2015 3 6
20150307 2015 3 7
20150308 2015 3 8
20150309 2015 3 9
20150310 2015 3 10
20150311 2015 3 11
20150312 2015 3 12
20150313 2015 3 13
20150314 2015 3 14
20150315 2015 3 15
20150316 2015 3 16
20150317 2015 3 17
20150318 2015 3 18
20150319 2015 3 19
20150320 2015 3 20
20150321 2015 3 21
20150322 2015 3 22
20150323 2015 3 23
20150324 2015 3 24
20150325 2015 3 25
20150326 2015 3 26
20150327 2015 3 27
20150328 2015 3 28
20150329 2015 3 29
20150330 2015 3 30
20150401 2015 4 1
20150402 2015 4 2
20150403 2015 4 3
20150404 2015 4 4
20150405 2015 4 5
20150406 2015 4 6
20150407 2015 4 7
20150408 2015 4 8
20150409 2015 4 9
20150410 2015 4 10
20150411 2015 4 11
20150412 2015 4 12
20150413 2015 4 13
20150414 2015 4 14
20150415 2015 4 15
20150416 2015 4 16
20150417 2015 4 17
20150418 2015 4 18
20150419 2015 4 19
20150420 2015 4 20
20150421 2015 4 21
20150422 2015 4 22
20150423 2015 4 23
20150424 2015 4 24
20150425 2015 4 25
20150426 2015 4 26
20150427 2015 4 27
20150428 2015 4 28
20150429 2015 4 29
20150501 2015 5 1
20150502 2015 5 2
20150503 2015 5 3
20150504 2015 5 4
20150505 2015 5 5
20150506 2015 5 6
20150507 2015 5 7
20150508 2015 5 8
20150509 2015 5 9
20150510 2015 5 10
20150511 2015 5 11
20150512 2015 5 12
20150513 2015 5 13
20150514 2015 5 14
20150515 2015 5 15
20150516 2015 5 16
20150517 2015 5 17
20150518 2015 5 18
20150519 2015 5 19
20150520 2015 5 20
20150521 2015 5 21
20150522 2015 5 22
20150523 2015 5 23
20150524 2015 5 24
20150525 2015 5 25
20150526 2015 5 26
20150527 2015 5 27
20150528 2015 5 28
20150529 2015 5 29
20150530 2015 5 30
20150601 2015 6 1
20150602 2015 6 2
20150603 2015 6 3
20150604 2015 6 4
20150605 2015 6 5
20150606 2015 6 6
20150607 2015 6 7
20150608 2015 6 8
20150609 2015 6 9
20150610 2015 6 10
20150611 2015 6 11
20150612 2015 6 12
20150613 2015 6 13
20150614 2015 6 14
20150615 2015 6 15
20150616 2015 6 16
20150617 2015 6 17
20150618 2015 6 18
20150619 2015 6 19
20150620 2015 6 20
20150621 2015 6 21
20150622 2015 6 22
20150623 2015 6 23
20150624 2015 6 24
20150625 2015 6 25
20150626 2015 6 26
20150627 2015 6 27
20150628 2015 6 28
20150629 2015 6 29
20150701 2015 7 1
20150702 2015 7 2
20150703 2015 7 3
20150704 2015 7 4
20150705 2015 7 5
20150706 2015 7 6
20150707 2015 7 7
20150708 2015 7 8
20150709 2015 7 9
20150710 2015 7 10
20150711 2015 7 11
20150712 2015 7 12
20150713 2015 7 13
20150714 2015 7 14
20150715 2015 7 15
20150716 2015 7 16
20150717 2015 7 17
20150718 2015 7 18
20150719 2015 7 19
20150720 2015 7 20
20150721 2015 7 21
20150722 2015 7 22
20150723 2015 7 23
20150724 2015 7 24
20150725 2015 7 25
20150726 2015 7 26
20150727 2015 7 27
20150728 2015 7 28
20150729 2015 7 29
20150730 2015 7 30
20150801 2015 8 1
20150802 2015 8 2
20150803 2015 8 3
20150804 2015 8 4
20150805 2015 8 5
20150806 2015 8 6
20150807 2015 8 7
20150808 2015 8 8
20150809 2015 8 9
20150810 2015 8 10
20150811 2015 8 11
20150812 2015 8 12
20150813 2015 8 13
20150814 2015 8 14
20150815 2015 8 15
20150816 2015 8 16
20150817 2015 8 17
20150818 2015 8 18
20150819 2015 8 19
20150820 2015 8 20
20150821 2015 8 21
20150822 2015 8 22
20150823 2015 8 23
20150824 2015 8 24
20150825 2015 8 25
20150826 2015 8 26
20150827 2015 8 27
20150828 2015 8 28
20150829 2015 8 29
20150830 2015 8 30
20150901 2015 9 1
20150902 2015 9 2
20150903 2015 9 3
20150904 2015 9 4
20150905 2015 9 5
20150906 2015 9 6
20150907 2015 9 7
20150908 2015 9 8
20150909 2015 9 9
20150910 2015 9 10
20150911 2015 9 11
20150912 2015 9 12
20150913 2015 9 13
20150914 2015 9 14
20150915 2015 9 15
20150916 2015 9 16
20150917 2015 9 17
20150918 2015 9 18
20150919 2015 9 19
20150920 2015 9 20
20150921 2015 9 21
20150922 2015 9 22
20150923 2015 9 23
20150924 2015 9 24
20150925 2015 9 25
20150926 2015 9 26
20150927 2015 9 27
20150928 2015 9 28
20150929 2015 9 29
20151001 2015 10 1
20151002 2015 10 2
20151003 2015 10 3
20151004 2015 10 4
20151005 2015 10 5
20151006 2015 10 6
20151007 2015 10 7
20151008 2015 10 8
20151009 2015 10 9
20151010 2015 10 10
20151011 2015 10 11
20151012 2015 10 12
20151013 2015 10 13
20151014 2015 10 14
20151015 2015 10 15
20151016 2015 10 16
20151017 2015 10 17
20151018 2015 10 18
20151019 2015 10 19
20151020 2015 10 20
20151021 2015 10 21
20151022 2015 10 22
20151023 2015 10 23
20151024 2015 10 24
20151025 2015 10 25
20151026 2015 10 26
20151027 2015 10 27
20151028 2015 10 28
20151029 2015 10 29
20151030 2015 10 30
20151101 2015 11 1
20151102 2015 11 2
20151103 2015 11 3
20151104 2015 11 4
20151105 2015 11 5
20151106 2015 11 6
20151107 2015 11 7
20151108 2015 11 8
20151109 2015 11 9
20151110 2015 11 10
20151111 2015 11 11
20151112 2015 11 12
20151113 2015 11 13
20151114 2015 11 14
20151115 2015 11 15
20151116 2015 11 16
20151117 2015 11 17
20151118 2015 11 18
20151119 2015 11 19
20151120 2015 11 20
20151121 2015 11 21
20151122 2015 11 22
20151123 2015 11 23
20151124 2015 11 24
20151125 2015 11 25
20151126 2015 11 26
20151127 2015 11 27
20151128 2015 11 28
20151129 2015 11 29
20151201 2015 12 1
20151202 2015 12 2
20151203 2015 12 3
20151204 2015 12 4
20151205 2015 12 5
20151206 2015 12 6
20151207 2015 12 7
20151208 2015 12 8
20151209 2015 12 9
20151210 2015 12 10
20151211 2015 12 11
20151212 2015 12 12
20151213 2015 12 13
20151214 2015 12 14
20151215 2015 12 15
20151216 2015 12 16
20151217 2015 12 17
20151218 2015 12 18
20151219 2015 12 19
20151220 2015 12 20
20151221 2015 12 21
20151222 2015 12 22
20151223 2015 12 23
20151224 2015 12 24
20151225 2015 12 25
20151226 2015 12 26
20151227 2015 12 27
20151228 2015 12 28
20151229 2015 12 29
20151230 2015 12 30
20160101 2016 1 1
20160102 2016 1 2
20160103 2016 1 3
20160104 2016 1 4
20160105 2016 1 5
20160106 2016 1 6
20160107 2016 1 7
20160108 2016 1 8
20160109 2016 1 9
20160110 2016 1 10
20160111 2016 1 11
20160112 2016 1 12
20160113 2016 1 13
20160114 2016 1 14
20160115 2016 1 15
20160116 2016 1 16
20160117 2016 1 17
20160118 2016 1 18
20160119 2016 1 19
20160120 2016 1 20
20160121 2016 1 21
20160122 2016 1 22
20160123 2016 1 23
20160124 2016 1 24
20160125 2016 1 25
20160126 2016 1 26
20160127 2016 1 27
20160128 2016 1 28
20160129 2016 1 29
20160130 2016 1 30
20160201 2016 2 1
20160202 2016 2 2
20160203 2016 2 3
20160204 2016 2 4
20160205 2016 2 5
20160206 2016 2 6
20160207 2016 2 7
20160208 2016 2 8
20160209 2016 2 9
20160210 2016 2 10
20160211 2016 2 11
20160212 2016 2 12
20160213 2016 2 13
20160214 2016 2 14
20160215 2016 2 15
20160216 2016 2 16
20160217 2016 2 17
20160218 2016 2 18
20160219 2016 2 19
20160220 2016 2 20
20160221 2016 2 21
20160222 2016 2 22
20160223 2016 2 23
20160224 2016 2 24
20160225 2016 2 25
20160226 2016 2 26
20160227 2016 2 27
20160301 2016 3 1
20160302 2016 3 2
20160303 2016 3 3
20160304 2016 3 4
20160305 2016 3 5
20160306 2016 3 6
20160307 2016 3 7
20160308 2016 3 8
20160309 2016 3 9
20160310 2016 3 10
20160311 2016 3 11
20160312 2016 3 12
20160313 2016 3 13
20160314 2016 3 14
20160315 2016 3 15
20160316 2016 3 16
20160317 2016 3 17
20160318 2016 3 18
20160319 2016 3 19
20160320 2016 3 20
20160321 2016 3 21
20160322 2016 3 22
20160323 2016 3 23
20160324 2016 3 24
20160325 2016 3 25
20160326 2016 3 26
20160327 2016 3 27
20160328 2016 3 28
20160329 2016 3 29
20160330 2016 3 30
20160401 2016 4 1
20160402 2016 4 2
20160403 2016 4 3
20160404 2016 4 4
20160405 2016 4 5
20160406 2016 4 6
20160407 2016 4 7
20160408 2016 4 8
20160409 2016 4 9
20160410 2016 4 10
20160411 2016 4 11
20160412 2016 4 12
20160413 2016 4 13
20160414 2016 4 14
20160415 2016 4 15
20160416 2016 4 16
20160417 2016 4 17
20160418 2016 4 18
20160419 2016 4 19
20160420 2016 4 20
20160421 2016 4 21
20160422 2016 4 22
20160423 2016 4 23
20160424 2016 4 24
20160425 2016 4 25
20160426 2016 4 26
20160427 2016 4 27
20160428 2016 4 28
20160429 2016 4 29
20160501 2016 5 1
20160502 2016 5 2
20160503 2016 5 3
20160504 2016 5 4
20160505 2016 5 5
20160506 2016 5 6
20160507 2016 5 7
20160508 2016 5 8
20160509 2016 5 9
20160510 2016 5 10
20160511 2016 5 11
20160512 2016 5 12
20160513 2016 5 13
20160514 2016 5 14
20160515 2016 5 15
20160516 2016 5 16
20160517 2016 5 17
20160518 2016 5 18
20160519 2016 5 19
20160520 2016 5 20
20160521 2016 5 21
20160522 2016 5 22
20160523 2016 5 23
20160524 2016 5 24
20160525 2016 5 25
20160526 2016 5 26
20160527 2016 5 27
20160528 2016 5 28
20160529 2016 5 29
20160530 2016 5 30
20160601 2016 6 1
20160602 2016 6 2
20160603 2016 6 3
20160604 2016 6 4
20160605 2016 6 5
20160606 2016 6 6
20160607 2016 6 7
20160608 2016 6 8
20160609 2016 6 9
20160610 2016 6 10
20160611 2016 6 11
20160612 2016 6 12
20160613 2016 6 13
20160614 2016 6 14
20160615 2016 6 15
20160616 2016 6 16
20160617 2016 6 17
20160618 2016 6 18
20160619 2016 6 19
20160620 2016 6 20
20160621 2016 6 21
20160622 2016 6 22
20160623 2016 6 23
20160624 2016 6 24
20160625 2016 6 25
20160626 2016 6 26
20160627 2016 6 27
20160628 2016 6 28
20160629 2016 6 29
20160701 2016 7 1
20160702 2016 7 2
20160703 2016 7 3
20160704 2016 7 4
20160705 2016 7 5
20160706 2016 7 6
20160707 2016 7 7
20160708 2016 7 8
20160709 2016 7 9
20160710 2016 7 10
20160711 2016 7 11
20160712 2016 7 12
20160713 2016 7 13
20160714 2016 7 14
20160715 2016 7 15
20160716 2016 7 16
20160717 2016 7 17
20160718 2016 7 18
20160719 2016 7 19
20160720 2016 7 20
20160721 2016 7 21
20160722 2016 7 22
20160723 2016 7 23
20160724 2016 7 24
20160725 2016 7 25
20160726 2016 7 26
20160727 2016 7 27
20160728 2016 7 28
20160729 2016 7 29
20160730 2016 7 30
20160801 2016 8 1
20160802 2016 8 2
20160803 2016 8 3
20160804 2016 8 4
20160805 2016 8 5
20160806 2016 8 6
20160807 2016 8 7
20160808 2016 8 8
20160809 2016 8 9
20160810 2016 8 10
20160811 2016 8 11
20160812 2016 8 12
20160813 2016 8 13
20160814 2016 8 14
20160815 2016 8 15
20160816 2016 8 16
20160817 2016 8 17
20160818 2016 8 18
20160819 2016 8 19
20160820 2016 8 20
20160821 2016 8 21
20160822 2016 8 22
20160823 2016 8 23
20160824 2016 8 24
20160825 2016 8 25
20160826 2016 8 26
20160827 2016 8 27
20160828 2016 8 28
20160829 2016 8 29
20160830 2016 8 30
20160901 2016 9 1
20160902 2016 9 2
20160903 2016 9 3
20160904 2016 9 4
20160905 2016 9 5
20160906 2016 9 6
20160907 2016 9 7
20160908 2016 9 8
20160909 2016 9 9
20160910 2016 9 10
20160911 2016 9 11
20160912 2016 9 12
20160913 2016 9 13
20160914 2016 9 14
20160915 2016 9 15
20160916 2016 9 16
20160917 2016 9 17
20160918 2016 9 18
20160919 2016 9 19
20160920 2016 9 20
20160921 2016 9 21
20160922 2016 9 22
20160923 2016 9 23
20160924 2016 9 24
20160925 2016 9 25
20160926 2016 9 26
20160927 2016 9 27
20160928 2016 9 28
20160929 2016 9 29
20161001 2016 10 1
20161002 2016 10 2
20161003 2016 10 3
20161004 2016 10 4
20161005 2016 10 5
20161006 2016 10 6
20161007 2016 10 7
20161008 2016 10 8
20161009 2016 10 9
20161010 2016 10 10
20161011 2016 10 11
20161012 2016 10 12
20161013 2016 10 13
20161014 2016 10 14
20161015 2016 10 15
20161016 2016 10 16
20161017 2016 10 17
20161018 2016 10 18
20161019 2016 10 19
20161020 2016 10 20
20161021 2016 10 21
20161022 2016 10 22
20161023 2016 10 23
20161024 2016 10 24
20161025 2016 10 25
20161026 2016 10 26
20161027 2016 10 27
20161028 2016 10 28
20161029 2016 10 29
20161030 2016 10 30
20161101 2016 11 1
20161102 2016 11 2
20161103 2016 11 3
20161104 2016 11 4
20161105 2016 11 5
20161106 2016 11 6
20161107 2016 11 7
20161108 2016 11 8
20161109 2016 11 9
20161110 2016 11 10
20161111 2016 11 11
20161112 2016 11 12
20161113 2016 11 13
20161114 2016 11 14
20161115 2016 11 15
20161116 2016 11 16
20161117 2016 11 17
20161118 2016 11 18
20161119 2016 11 19
20161120 2016 11 20
20161121 2016 11 21
20161122 2016 11 22
20161123 2016 11 23
20161124 2016 11 24
20161125 2016 11 25
20161126 2016 11 26
20161127 2016 11 27
20161128 2016 11 28
20161129 2016 11 29
20161201 2016 12 1
20161202 2016 12 2
20161203 2016 12 3
20161204 2016 12 4
20161205 2016 12 5
20161206 2016 12 6
20161207 2016 12 7
20161208 2016 12 8
20161209 2016 12 9
20161210 2016 12 10
20161211 2016 12 11
20161212 2016 12 12
20161213 2016 12 13
20161214 2016 12 14
20161215 2016 12 15
20161216 2016 12 16
20161217 2016 12 17
20161218 2016 12 18
20161219 2016 12 19
20161220 2016 12 20
20161221 2016 12 21
20161222 2016 12 22
20161223 2016 12 23
20161224 2016 12 24
20161225 2016 12 25
20161226 2016 12 26
20161227 2016 12 27
20161228 2016 12 28
20161229 2016 12 29
20161230 2016 12 30
20170101 2017 1 1
20170102 2017 1 2
20170103 2017 1 3
20170104 2017 1 4
20170105 2017 1 5
20170106 2017 1 6
20170107 2017 1 7
20170108 2017 1 8
20170109 2017 1 9
20170110 2017 1 10
20170111 2017 1 11
20170112 2017 1 12
20170113 2017 1 13
20170114 2017 1 14
20170115 2017 1 15
20170116 2017 1 16
20170117 2017 1 17
20170118 2017 1 18
20170119 2017 1 19
20170120 2017 1 20
20170121 2017 1 21
20170122 2017 1 22
20170123 2017 1 23
20170124 2017 1 24
20170125 2017 1 25
20170126 2017 1 26
20170127 2017 1 27
20170128 2017 1 28
20170129 2017 1 29
20170130 2017 1 30
20170201 2017 2 1
20170202 2017 2 2
20170203 2017 2 3
20170204 2017 2 4
20170205 2017 2 5
20170206 2017 2 6
20170207 2017 2 7
20170208 2017 2 8
20170209 2017 2 9
20170210 2017 2 10
20170211 2017 2 11
20170212 2017 2 12
20170213 2017 2 13
20170214 2017 2 14
20170215 2017 2 15
20170216 2017 2 16
20170217 2017 2 17
20170218 2017 2 18
20170219 2017 2 19
20170220 2017 2 20
20170221 2017 2 21
20170222 2017 2 22
20170223 2017 2 23
20170224 2017 2 24
20170225 2017 2 25
20170226 2017 2 26
20170227 2017 2 27
20170301 2017 3 1
20170302 2017 3 2
20170303 2017 3 3
20170304 2017 3 4
20170305 2017 3 5
20170306 2017 3 6
20170307 2017 3 7
20170308 2017 3 8
20170309 2017 3 9
20170310 2017 3 10
20170311 2017 3 11
20170312 2017 3 12
20170313 2017 3 13
20170314 2017 3 14
20170315 2017 3 15
20170316 2017 3 16
20170317 2017 3 17
20170318 2017 3 18
20170319 2017 3 19
20170320 2017 3 20
20170321 2017 3 21
20170322 2017 3 22
20170323 2017 3 23
20170324 2017 3 24
20170325 2017 3 25
20170326 2017 3 26
20170327 2017 3 27
20170328 2017 3 28
20170329 2017 3 29
20170330 2017 3 30
20170401 2017 4 1
20170402 2017 4 2
20170403 2017 4 3
20170404 2017 4 4
20170405 2017 4 5
20170406 2017 4 6
20170407 2017 4 7
20170408 2017 4 8
20170409 2017 4 9
20170410 2017 4 10
20170411 2017 4 11
20170412 2017 4 12
20170413 2017 4 13
20170414 2017 4 14
20170415 2017 4 15
20170416 2017 4 16
20170417 2017 4 17
20170418 2017 4 18
20170419 2017 4 19
20170420 2017 4 20
20170421 2017 4 21
20170422 2017 4 22
20170423 2017 4 23
20170424 2017 4 24
20170425 2017 4 25
20170426 2017 4 26
20170427 2017 4 27
20170428 2017 4 28
20170429 2017 4 29
20170501 2017 5 1
20170502 2017 5 2
20170503 2017 5 3
20170504 2017 5 4
20170505 2017 5 5
20170506 2017 5 6
20170507 2017 5 7
20170508 2017 5 8
20170509 2017 5 9
20170510 2017 5 10
20170511 2017 5 11
20170512 2017 5 12
20170513 2017 5 13
20170514 2017 5 14
20170515 2017 5 15
20170516 2017 5 16
20170517 2017 5 17
20170518 2017 5 18
20170519 2017 5 19
20170520 2017 5 20
20170521 2017 5 21
20170522 2017 5 22
20170523 2017 5 23
20170524 2017 5 24
20170525 2017 5 25
20170526 2017 5 26
20170527 2017 5 27
20170528 2017 5 28
20170529 2017 5 29
20170530 2017 5 30
20170601 2017 6 1
20170602 2017 6 2
20170603 2017 6 3
20170604 2017 6 4
20170605 2017 6 5
20170606 2017 6 6
20170607 2017 6 7
20170608 2017 6 8
20170609 2017 6 9
20170610 2017 6 10
20170611 2017 6 11
20170612 2017 6 12
20170613 2017 6 13
20170614 2017 6 14
20170615 2017 6 15
20170616 2017 6 16
20170617 2017 6 17
20170618 2017 6 18
20170619 2017 6 19
20170620 2017 6 20
20170621 2017 6 21
20170622 2017 6 22
20170623 2017 6 23
20170624 2017 6 24
20170625 2017 6 25
20170626 2017 6 26
20170627 2017 6 27
20170628 2017 6 28
20170629 2017 6 29
20170701 2017 7 1
20170702 2017 7 2
20170703 2017 7 3
20170704 2017 7 4
20170705 2017 7 5
20170706 2017 7 6
20170707 2017 7 7
20170708 2017 7 8
20170709 2017 7 9
20170710 2017 7 10
20170711 2017 7 11
20170712 2017 7 12
20170713 2017 7 13
20170714 2017 7 14
20170715 2017 7 15
20170716 2017 7 16
20170717 2017 7 17
20170718 2017 7 18
20170719 2017 7 19
20170720 2017 7 20
20170721 2017 7 21
20170722 2017 7 22
20170723 2017 7 23
20170724 2017 7 24
20170725 2017 7 25
20170726 2017 7 26
20170727 2017 7 27
20170728 2017 7 28
20170729 2017 7 29
20170730 2017 7 30
20170801 2017 8 1
20170802 2017 8 2
20170803 2017 8 3
20170804 2017 8 4
20170805 2017 8 5
20170806 2017 8 6
20170807 2017 8 7
20170808 2017 8 8
20170809 2017 8 9
20170810 2017 8 10
20170811 2017 8 11
20170812 2017 8 12
20170813 2017 8 13
20170814 2017 8 14
20170815 2017 8 15
20170816 2017 8 16
20170817 2017 8 17
20170818 2017 8 18
20170819 2017 8 19
20170820 2017 8 20
20170821 2017 8 21
20170822 2017 8 22
20170823 2017 8 23
20170824 2017 8 24
20170825 2017 8 25
20170826 2017 8 26
20170827 2017 8 27
20170828 2017 8 28
20170829 2017 8 29
20170830 2017 8 30
20170901 2017 9 1
20170902 2017 9 2
20170903 2017 9 3
20170904 2017 9 4
20170905 2017 9 5
20170906 2017 9 6
20170907 2017 9 7
20170908 2017 9 8
20170909 2017 9 9
20170910 2017 9 10
20170911 2017 9 11
20170912 2017 9 12
20170913 2017 9 13
20170914 2017 9 14
20170915 2017 9 15
20170916 2017 9 16
20170917 2017 9 17
20170918 2017 9 18
20170919 2017 9 19
20170920 2017 9 20
20170921 2017 9 21
20170922 2017 9 22
20170923 2017 9 23
20170924 2017 9 24
20170925 2017 9 25
20170926 2017 9 26
20170927 2017 9 27
20170928 2017 9 28
20170929 2017 9 29
20171001 2017 10 1
20171002 2017 10 2
20171003 2017 10 3
20171004 2017 10 4
20171005 2017 10 5
20171006 2017 10 6
20171007 2017 10 7
20171008 2017 10 8
20171009 2017 10 9
20171010 2017 10 10
20171011 2017 10 11
20171012 2017 10 12
20171013 2017 10 13
20171014 2017 10 14
20171015 2017 10 15
20171016 2017 10 16
20171017 2017 10 17
20171018 2017 10 18
20171019 2017 10 19
20171020 2017 10 20
20171021 2017 10 21
20171022 2017 10 22
20171023 2017 10 23
20171024 2017 10 24
20171025 2017 10 25
20171026 2017 10 26
20171027 2017 10 27
20171028 2017 10 28
20171029 2017 10 29
20171030 2017 10 30
20171101 2017 11 1
20171102 2017 11 2
20171103 2017 11 3
20171104 2017 11 4
20171105 2017 11 5
20171106 2017 11 6
20171107 2017 11 7
20171108 2017 11 8
20171109 2017 11 9
20171110 2017 11 10
20171111 2017 11 11
20171112 2017 11 12
20171113 2017 11 13
20171114 2017 11 14
20171115 2017 11 15
20171116 2017 11 16
20171117 2017 11 17
20171118 2017 11 18
20171119 2017 11 19
20171120 2017 11 20
20171121 2017 11 21
20171122 2017 11 22
20171123 2017 11 23
20171124 2017 11 24
20171125 2017 11 25
20171126 2017 11 26
20171127 2017 11 27
20171128 2017 11 28
20171129 2017 11 29
20171201 2017 12 1
20171202 2017 12 2
20171203 2017 12 3
20171204 2017 12 4
20171205 2017 12 5
20171206 2017 12 6
20171207 2017 12 7
20171208 2017 12 8
20171209 2017 12 9
20171210 2017 12 10
20171211 2017 12 11
20171212 2017 12 12
20171213 2017 12 13
20171214 2017 12 14
20171215 2017 12 15
20171216 2017 12 16
20171217 2017 12 17
20171218 2017 12 18
20171219 2017 12 19
20171220 2017 12 20
20171221 2017 12 21
20171222 2017 12 22
20171223 2017 12 23
20171224 2017 12 24
20171225 2017 12 25
20171226 2017 12 26
20171227 2017 12 27
20171228 2017 12 28
20171229 2017 12 29
20171230 2017 12 30
